Debris 1-4
03 0a 03 0b 00 02 00 01 00 00 d0 f0 4d 00 48 03 4f 00 80 ff 00 2b 
03 0a 03 0b 00 02 00 01 00 00 e8 f0 4d 00 58 03 4f 00 80 ff 00 2c
03 0a 03 0b 00 02 00 01 00 00 00 f1 4d 00 68 03 4f 00 80 ff 00 2d
03 0a 03 0b 00 02 00 01 00 00 18 f1 4d 00 78 03 4f 00 80 ff 00 2e

Planets 1-3
03 02 04 0c e0 01 f0 00 00 00 00 00 00 00 a8 02 4f 00 20 ff 00 2f
03 02 04 0c e0 01 f0 00 00 00 00 00 00 00 b8 02 4f 00 20 ff 00 30
03 02 04 0c e0 01 f0 00 00 00 00 00 00 00 c8 02 4f 00 20 ff 00 31

Galaxy
03 0a 04 0c e0 01 f0 00 00 00 00 00 00 00 48 02 4f 00 20 ff 00 37

Cluster 1-3
03 0a 04 0c e0 01 f0 00 00 00 00 00 00 00 58 02 4f 00 20 ff 00 38
03 0a 04 0c e0 01 f0 00 00 00 00 00 00 00 68 02 4f 00 20 ff 00 39
03 0a 04 0c e0 01 f0 00 00 00 00 00 00 00 78 02 4f 00 20 ff 00 3a

Galaxy
03 0a 04 0c e0 01 f0 00 00 00 00 00 00 00 88 02 4f 00 20 ff 00 37

Cluster 1-3
03 0a 04 0c e0 01 f0 00 00 00 00 00 00 00 98 02 4f 00 20 ff 00 38
03 0a 04 0c e0 01 f0 00 00 00 00 00 00 00 98 02 4f 00 20 ff 00 39
03 0a 04 0c e0 01 f0 00 00 00 00 00 00 00 98 02 4f 00 20 ff 00 3a

Star 1-2
03 0a 04 0c e0 01 f0 00 00 00 00 00 00 00 98 02 4f 00 20 ff 00 3b
03 0a 04 0c e0 01 f0 00 00 00 00 00 00 00 98 02 4f 00 20 ff 00 3c

Xplo1A
03 0a 05 0d 00 0d f0 00 00 00 30 f0 4d 00 18 02 4f 00 40 ff 00 3e

Xplo5C
03 0a 05 0d 00 0d f0 00 00 00 30 f1 4d 00 18 02 4f 00 40 ff 00 3f

NXplo1A
03 0a 05 0d 00 0d f0 00 00 00 50 f1 4d 00 18 02 4f 00 40 ff 00 3d

Boom_n1A
03 0a 05 0d 00 0d f0 00 00 00 70 f1 4d 00 18 02 4f 00 40 ff 00 55

Surfhi03
03 0a 05 0d 80 06 f0 00 00 00 50 f0 4d 00 18 02 4f 00 40 ff 00 40

Spark09
03 0a 05 0d 80 06 f0 00 00 00 60 f0 4d 00 28 02 4f 00 40 ff 00 41

Ember2
03 0a 05 0d 00 05 f0 00 00 00 70 f0 4d 00 28 02 4f 00 40 ff 00 56

Ember3
03 0a 05 0d 00 05 f0 00 00 00 74 f0 4d 00 38 02 4f 00 40 ff 00 42

Hit02
03 0a 05 0d 80 06 f0 00 00 00 00 00 00 00 18 02 4f 00 40 ff 00 43

Zap07A
03 0a 05 0d 80 06 f0 00 00 00 98 f0 4d 00 28 02 4f 00 40 ff 00 44

Red Laser, Turbolaser
03 09 01 07 00 08 00 04 00 00 00 00 00 00 00 00 00 00 40 ff 02 03
03 09 01 07 00 08 00 04 00 00 00 00 00 00 00 00 00 00 40 ff 02 06

Green Laser, Turbolaser
03 09 01 07 00 08 00 04 00 00 00 00 00 00 00 00 00 00 40 ff 02 04
03 09 01 07 00 08 00 04 00 00 00 00 00 00 00 00 00 00 40 ff 02 07

Blue Laser (ion), TurboLaser
03 09 01 07 00 08 00 04 00 00 00 00 00 00 00 00 00 00 40 ff 02 05
03 09 01 07 00 08 00 04 00 00 00 00 00 00 00 00 00 00 40 ff 02 08

Torp, Missile
03 09 01 07 00 08 00 01 00 00 00 00 00 00 00 00 00 00 43 ff 02 0a
03 09 01 07 00 08 00 01 00 00 00 00 00 00 00 00 00 00 43 ff 02 09

Red, Green Turbolaser
03 09 01 07 00 08 00 04 00 00 00 00 00 00 00 00 00 00 40 ff 02 06
03 09 01 07 00 08 00 04 00 00 00 00 00 00 00 00 00 00 40 ff 02 07

Blue Turbolaser
03 09 01 07 00 08 00 04 00 00 00 00 00 00 00 00 00 00 40 ff 02 08

Torp, Missile
03 09 01 07 00 08 00 01 00 00 00 00 00 00 00 00 00 00 43 ff 02 0a
03 09 01 07 00 08 00 01 00 00 00 00 00 00 00 00 00 00 43 ff 02 09

Bomb
03 29 01 07 00 08 00 01 00 00 00 00 00 00 00 00 00 00 43 ff 00 54

Rocket, MagPulse[3]
03 09 01 07 00 08 00 01 00 00 00 00 00 00 00 00 00 00 43 ff 02 0b
03 09 01 07 00 08 00 01 00 00 00 00 00 00 00 00 00 00 43 ff 02 0c
03 09 01 07 00 08 00 01 00 00 00 00 00 00 00 00 00 00 43 ff 02 0c
03 09 01 07 00 08 00 01 00 00 00 00 00 00 00 00 00 00 43 ff 02 0c

Disabled
01 00 01 07 00 08 00 01 00 00 00 00 00 00 00 00 00 00 00 ff 02 00
01 00 01 07 00 08 00 01 00 00 00 00 00 00 00 00 00 00 00 ff 02 00
01 00 01 07 00 08 00 01 00 00 00 00 00 00 00 00 00 00 00 ff 02 00
01 00 01 07 00 08 00 01 00 00 00 00 00 00 00 00 00 00 00 ff 02 00
01 00 01 07 00 08 00 01 00 00 00 00 00 00 00 00 00 00 00 ff 02 00
01 00 01 07 00 08 00 01 00 00 00 00 00 00 00 00 00 00 00 ff 02 00